[[  4.51933823e+01   8.70148373e+00   6.63399048e+01   3.99504185e+00
    4.43027153e+01   2.78248329e+01   1.53946543e+01   3.91826859e+01
    9.05042553e+00   2.28546352e+01   1.36579285e+01   2.55714760e+01
    3.96167450e+01   0.00000000e+00   5.41931190e+01   0.00000000e+00
    4.22957726e+01   5.83423424e+00   1.64352837e+01   3.28713875e+01
    3.00872898e+01   6.50696564e+01   1.76596794e+01   1.99693451e+01
    6.32077789e+00   3.52498016e+01   2.70725079e+01   7.51504211e+01
    7.79839325e+01   0.00000000e+00   6.53539734e+01   5.51445961e+01
    1.45681105e+01   9.41088772e+00   2.05928764e+01   3.89083505e+00
    3.37362633e+01   2.21116028e+01   2.57217789e+00   4.45040131e+00
    4.80567169e+01   1.55138721e+01   4.01186638e+01   3.31397171e+01
    1.32608700e+01   5.75018196e+01   7.86783829e+01   5.39197655e+01
    2.18109131e+01   1.83879204e+01   3.76129913e+01   3.26516304e+01
    1.11390944e+01   5.69896278e+01   2.12272854e+01   2.53725758e+01
    3.15378399e+01   3.51736908e+01   2.73786335e+01   3.87686157e+01
    2.19094062e+00   0.00000000e+00   3.94898605e+01   1.38180161e+01
    0.00000000e+00   2.78459263e+01   1.68860149e+01   1.32266098e+02
    1.07955122e+01   4.86189346e+01   9.35217972e+01   4.60965996e+01
    5.72686806e+01   4.37016983e+01   3.05110931e+00   1.81558971e+01
    1.99994373e+01   3.95396652e+01   0.00000000e+00   4.42506714e+01
    5.88346405e+01   4.34847946e+01   1.44138689e+01   3.21281548e+01
    3.19238663e+01   2.30374279e+01   1.64188080e+01   3.08094273e+01
    8.24804993e+01   2.09607582e+01   3.52792645e+00   3.30560303e+01
    0.00000000e+00   6.81766052e+01   7.35969830e+00   1.94877377e+01
    3.32847404e+01   3.01321328e-01   3.08328838e+01   3.26807632e+01
    7.11301193e+01   5.11112556e+01   3.84273338e+01   7.27727051e+01
    1.23868019e+02   5.34273186e+01   8.38798447e+01   1.03722725e+01
    1.24552078e+01   3.47386284e+01   4.66486435e+01   2.12916470e+01
    1.38590306e-01   1.61974602e+01   6.03897429e+00   4.71498680e+01
    2.11115322e+01   3.67576408e+01   4.39922028e+01   2.68626595e+01
    2.24511070e+01   3.51610985e+01   7.70203924e+00   8.93511581e+00
    4.05106468e+01   2.80834579e+01   0.00000000e+00   6.60055828e+00
    5.51823950e+00   0.00000000e+00   5.86379242e+00   1.53731375e+01
    0.00000000e+00   3.32098503e+01   1.93792095e+01   9.83143921e+01
    6.73398972e+01   2.65828094e+01   2.82621021e+01   9.27677572e-01
    2.38388691e+01   1.54377565e+01   3.54208641e+01   2.41902771e+01
    0.00000000e+00   0.00000000e+00   2.66520157e+01   2.29505754e+00
    3.35365524e+01   2.32040520e+01   0.00000000e+00   1.03526863e+02
    0.00000000e+00   1.17293720e+01   2.24513931e+01   3.87482224e+01
    1.89845715e+01   1.05707569e+01   2.08200836e+00   4.66962891e+01
    1.66041351e+02   3.03580227e+01   0.00000000e+00   3.09088879e+01
    4.51405525e+01   1.17510653e+01   7.74282694e+00   1.75646913e+00
    8.22781754e+01   3.57818832e+01   1.02289124e+02   7.64099960e+01
    5.25038948e+01   6.98560476e+00   3.62055244e+01   2.96590080e+01
    9.49606991e+00   1.84234180e+01   3.98146629e+01   1.34580574e+01
    1.72953094e+02   3.40207558e+01   5.65229721e+01   6.92301512e+00
    8.34227371e+00   1.37315245e+01   5.71622276e+00   7.94367523e+01
    2.40619507e+01   5.10392075e+01   1.57179794e+01   1.04157631e+02
    2.49240742e+01   6.31683388e+01   2.45245991e+01   1.14724340e+01
    5.33875656e+01   4.20903397e+01   8.96981201e+01   5.73478317e+01
    3.41536255e+01   2.58586559e+01   3.15331745e+01   5.29738007e+01
    1.13589363e+01   3.59670296e+01   7.77935028e+00   4.38411980e+01
    1.21256075e+01   5.37993393e+01   6.54508734e+00   0.00000000e+00
    3.05942135e+01   1.50811310e+01   2.09491882e+01   3.10280991e+01
    4.48788719e+01   1.13099413e+01   3.95237923e+01   3.96703606e+01
    2.93327866e+01   2.16318645e+01   9.00963306e+00   8.74294281e+01
    1.07080559e+02   1.56587143e+01   2.50133061e+00   1.93801289e+01
    6.37349510e+00   3.71993675e+01   8.27393112e+01   3.93312836e+01
    3.59615326e+01   5.37532005e+01   1.47485905e+01   2.52895412e+01
    4.52877998e+01   5.33257675e+01   1.88315105e+01   2.81888866e+01
    2.49768620e+01   9.31929302e+00   8.04398727e+01   2.60449448e+01
    4.75965271e+01   9.36410046e+00   4.63135109e+01   0.00000000e+00
    3.17222500e+01   1.76574078e+01   2.91000347e+01   9.16106892e+00
    8.46394825e+00   6.07921934e+00   2.75872841e+01   1.98025150e+01
    2.90464954e+01   2.14426060e+01   1.02386999e+01   5.03135185e+01
    7.85908737e+01   1.00503798e+01   1.18487654e+01   3.58467979e+01
    7.21480036e+00   1.76237888e+01   3.12909813e+01   1.14083427e+02
    7.04441757e+01   5.03988686e+01   1.26111135e+01   8.29875641e+01
    8.20268326e+01   1.50785751e+01   1.98431988e+01   1.92399559e+01
    4.88067741e+01   9.32522106e+00   3.13212643e+01   7.93744326e+00
    7.59575119e+01   1.76710415e+01   6.15650558e+00   4.57148857e+01
    1.13900824e+01   7.28774109e+01   1.17994286e+02   2.34444504e+01
    2.98166046e+01   3.36097183e+01   1.43699074e+01   2.45113297e+01
    2.14812374e+01   2.33270912e+01   2.16886196e+01   2.28668976e+01
    1.30874224e+01   2.59091320e+01   3.31644287e+01   2.52744999e+01
    0.00000000e+00   2.75898438e+01   2.17477684e+01   4.09443893e+01
    6.09475803e+00   1.90028915e+01   5.51803284e+01   3.38985786e+01
    3.31956596e+01   2.86134682e+01   2.22998657e+01   2.64323254e+01
    3.85925770e-01   9.33845673e+01   1.15454473e+01   3.20420303e+01
    1.48320923e+02   4.98096581e+01   5.43742371e+01   5.83025398e+01
    3.68480568e+01   1.41614447e+01   7.67453461e+01   1.28485708e+01
    2.08101559e+01   6.88731995e+01   2.12545033e+01   8.30659962e+00
    1.81147499e+01   3.43600769e+01   2.60700207e+01   0.00000000e+00
    3.31094384e+00   0.00000000e+00   3.56678238e+01   1.18500547e+01
    4.88038521e+01   3.95232892e+00   5.31950340e+01   8.87632751e+00
    8.66590405e+00   6.72054825e+01   3.20910378e+01   5.03326721e+01
    6.25120354e+01   3.46635475e+01   1.82055893e+01   4.85347900e+01
    3.28409576e+01   1.35542593e+01   1.39199896e+01   1.05489883e+02
    2.49825611e+01   1.33475065e+01   2.10357876e+01   2.46543617e+01
    1.92281475e+01   1.30973038e+02   0.00000000e+00   2.26896305e+01
    4.43530579e+01   3.29119339e+01   3.25208817e+01   6.16203194e+01
    7.17129669e+01   9.02321930e+01   2.05414677e+00   2.66408825e+01
    3.45285797e+01   2.93288574e+01   2.70857048e+01   4.15554390e+01
    7.45076065e+01   2.35716558e+00   7.07664261e+01   2.40870609e+01
    4.61203861e+00   8.54584408e+00   2.52609463e+01   1.32363110e+01
    2.00721836e+01   3.11914291e+01   6.61539316e+00   1.87207496e+00
    0.00000000e+00   0.00000000e+00   2.88250866e+01   5.47027855e+01
    6.08485413e+00   4.90852623e+01   2.89196949e+01   3.20412407e+01
    2.33578987e+01   3.15379543e+01   3.69906387e+01   2.57605858e+01
    2.00871067e+01   2.59234524e+01   7.43295364e+01   3.15208874e+01
    5.55554886e+01   1.88628876e+00   3.31729660e+01   2.62574539e+01
    1.99011459e+01   4.71418457e+01   2.16863728e+01   5.79092102e+01
    1.93151379e+01   5.55437164e+01   9.28413315e+01   3.54699936e+01
    3.42519302e+01   0.00000000e+00   4.30335121e+01   1.31356995e+02
    5.36170044e+01   3.56180992e+01   1.14747238e+01   4.18075714e+01
    0.00000000e+00   2.75148335e+01   2.17978764e+01   5.81663017e+01
    5.29582253e+01   5.18188057e+01   2.02701492e+01   5.10060120e+01
    4.50273018e+01   6.16942329e+01   1.31061316e+01   6.11540794e+01
    8.82621994e+01   1.49967632e+01   2.05498981e+01   5.14706016e-01
    2.07967186e+01   1.91240540e+01   3.97195740e+01   1.72891235e+01
    1.98123512e+01   3.35708389e+01   0.00000000e+00   2.81466579e+00
    5.40646515e+01   4.78534317e+01   1.59544706e+01   2.45907288e+01
    2.30497303e+01   1.44116583e+01   9.31534386e+00   2.85896263e+01
    3.70928025e+00   9.86596298e+00   3.08924160e+01   3.83630257e+01
    2.44007721e+01   2.64482927e+00   4.63469276e+01   1.47801762e+01
    9.14541245e+00   7.40340567e+00   1.18174009e+01   1.33433104e+01
    4.31526871e+01   2.58063526e+01   3.71688004e+01   4.75269928e+01
    2.90689812e+01   1.87474976e+01   7.51916313e+00   2.35456543e+01
    1.39444714e+01   6.32484512e+01   1.65500717e+01   4.10409241e+01
    3.75018997e+01   7.31758881e+01   5.37221680e+01   1.48913364e+01
    5.30126266e+01   5.81039333e+00   5.55989933e+00   1.12699871e+01
    1.54124939e+02   5.99296303e+01   1.44909334e+01   3.86734891e+00
    4.44221764e+01   3.10181561e+01   9.83256149e+01   5.81766853e+01
    0.00000000e+00   2.04639301e+01   2.69217815e+01   2.98130398e+01
    2.55586338e+01   5.56516171e+00   4.69992332e+01   3.70731659e+01
    8.28367462e+01   3.03731918e+01   2.88800488e+01   1.88798294e+01
    3.28580513e+01   7.84911194e+01   8.72202530e+01   1.82215557e+01
    0.00000000e+00   2.00366096e+01   2.89520416e+01   1.87709484e+01]]
